89 85877
125 74930
148 73782
12 68668
23 65780
59 65335
85 63129
71 62900
108 61654
103 61629
149 61354
141 60645
46 60643
198 60226
139 60191
176 60109
93 59750
83 59423
14 59134
41 58740
115 58675
53 58604
92 58556
82 58082
177 57902
133 57713
62 57551
180 57303
101 57208
52 57087
48 57045
73 56864
111 56316
5 56243
144 55834
187 55452
47 55291
116 54814
151 53668
49 53175
184 53091
44 52794
185 52704
128 52688
63 52189
193 52186
75 52186
119 52017
172 51988
31 51693
91 51616
106 51553
1 51406
165 51276
84 51100
186 50219
97 49866
104 49709
156 49652
199 49539
127 49398
70 49222
69 49218
170 49100
0 48838
15 48720
39 48176
80 48039
3 47863
120 47773
28 47590
7 47536
95 47232
13 46993
134 46758
113 46640
157 46568
22 45816
86 45099
67 44892
130 44718
159 44639
102 44618
100 44605
17 44534
25 43301
60 43243
98 43128
16 43114
164 43088
126 43070
56 43028
24 42938
152 42861
36 42609
19 42574
135 42201
33 42163
40 41753
66 41487
160 41465
74 41315
27 41253
9 41099
26 40967
194 40948
45 40620
35 40568
11 40555
183 40042
68 39958
21 39952
94 39766
99 39764
147 39747
87 39704
51 39646
136 39635
72 39618
168 39408
78 39399
121 39221
129 39176
81 39124
30 39015
145 38799
114 38270
54 38225
8 38210
57 38171
143 37965
190 37852
171 37613
166 37450
34 37387
195 36969
42 36790
197 36687
158 36683
169 36669
96 36631
105 36623
32 36312
79 36291
181 36099
174 35975
124 35801
18 35793
154 35625
179 35454
138 35433
191 35075
182 35000
109 34686
150 34621
38 34339
58 34195
88 34082
50 33991
37 33893
4 33703
142 33536
163 32953
76 32737
110 32520
155 32341
6 32031
161 31765
61 31388
123 31344
112 31257
153 30896
117 30796
65 30795
162 30273
10 29830
175 28669
192 28255
189 27851
20 27795
140 27214
196 26215
43 24979
173 24727
167 23576
146 22900
178 22319
122 21105
2 19758
29 19628
118 17459
188 14499
55 13317
64 9981
137 9272
90 8287
107 8073
77 7992
131 5242
132 95
madeupword0000 0
madeupword0001 0
madeupword0002 0
madeupword0003 0
