117 89959
71 55149
180 54037
133 43311
8 42415
125 39027
85 38601
198 37708
70 36085
22 33940
148 32306
103 31361
46 30229
92 30148
141 29448
48 29153
82 29095
197 29019
1 28746
115 28286
93 28019
0 27536
31 27520
49 27301
157 27045
111 27025
83 26981
176 26963
80 26506
170 26297
23 26281
101 26174
199 25850
41 25673
75 25618
52 25520
113 24863
12 24707
44 24400
193 24251
187 24176
183 24103
62 23848
177 23451
98 23237
159 23215
144 23087
3 23034
39 22890
156 22849
15 22434
97 22422
33 22409
91 22406
30 22244
74 22213
53 22060
13 21931
57 21884
119 21666
165 21556
100 21523
151 21486
130 21264
108 21225
47 21012
25 20870
186 20676
40 20472
45 20364
28 20050
87 20037
172 19990
150 19960
67 19917
95 19736
89 19727
154 19651
73 19576
185 19493
66 19472
60 19420
129 19341
179 19328
139 19316
134 19223
116 19123
174 19082
51 18931
106 18856
112 18795
54 18704
192 18631
123 18612
104 18595
164 18574
5 18450
78 18123
128 18072
184 17972
59 17870
16 17813
79 17805
69 17681
152 17651
127 17444
27 17366
121 17340
124 17333
147 17066
136 17027
7 16988
109 16962
9 16939
143 16885
126 16749
135 16712
14 16536
188 16536
81 16516
17 16345
195 16157
24 15981
169 15900
37 15744
194 15646
72 15641
102 15437
182 15407
158 15283
137 15134
10 15055
50 15002
196 14998
168 14924
4 14750
171 14695
35 14610
63 14543
114 14408
76 14234
61 14199
190 13696
160 13679
56 13491
105 13454
99 13389
58 13302
142 13244
96 13133
21 13130
65 13042
153 12702
155 12590
18 12550
181 12513
88 12341
120 12078
175 11836
34 11760
36 11550
189 11516
26 10589
19 10314
32 10256
178 10092
110 9784
29 9556
68 9321
38 9282
6 9010
43 8889
145 8867
163 8589
42 8289
173 7884
140 6976
146 5952
11 5687
118 4916
131 4778
191 4683
166 4537
122 4276
90 4192
64 3947
77 3255
161 2902
84 2773
162 2702
2 2023
20 2000
138 1270
132 674
55 466
107 284
167 271
86 29
94 1
madeupword0000 0
madeupword0001 0
madeupword0002 0
madeupword0003 0
madeupword0004 0
