86 88227
71 65868
141 38915
148 37989
180 36423
85 34217
1 33376
82 33295
198 32964
36 31750
49 31466
31 31357
176 31316
46 31123
103 31053
70 31037
133 30856
170 30810
115 30660
89 30247
48 29826
92 29587
62 29550
111 29544
93 29527
157 29246
187 29009
0 28858
83 28710
41 27917
101 27466
129 27304
52 27052
80 27036
44 26972
183 26774
199 26319
12 26168
113 26165
100 26144
74 26119
159 26035
98 25845
75 25554
172 25352
104 25188
15 25161
97 25145
23 24986
177 24983
144 24815
30 24609
33 24497
59 24267
95 24195
91 24142
53 24079
193 24062
47 23958
150 23764
186 23711
3 23478
119 23436
165 23426
108 23217
45 23096
102 22880
185 22837
154 22793
87 22542
156 22461
25 22365
73 22248
40 22220
67 22201
39 22152
128 22052
5 22027
60 21810
8 21789
28 21758
57 21581
152 21562
13 21364
134 21349
22 21117
116 20978
151 20853
143 20196
81 20046
168 19882
9 19848
106 19748
139 19606
174 19521
184 19488
63 19468
24 19315
27 19217
54 19121
179 18879
66 18812
130 18761
7 18674
164 18517
69 18516
197 18373
147 18268
78 18220
194 18181
127 18179
126 18161
76 18047
51 17996
169 17988
123 17964
192 17910
196 17772
37 17542
17 17368
20 17305
16 17300
136 17243
79 17184
135 16998
158 16994
195 16894
61 16867
191 16837
121 16797
11 16681
182 16659
4 16528
171 16492
72 16491
68 16329
120 16291
190 16180
50 16059
160 15848
181 15510
65 15499
21 15488
34 15459
35 15338
112 15218
114 15115
105 14861
153 14854
56 14460
18 14274
14 14114
124 14108
2 14088
88 13788
58 13693
99 13690
42 13686
109 13658
162 13250
189 13051
155 12990
32 12869
166 12483
19 12440
96 12189
142 12025
175 11507
6 11041
178 10477
110 10334
138 10134
38 9866
145 9806
43 9682
26 9135
140 9069
173 8872
163 8841
10 8705
94 8339
146 7242
122 5722
77 5658
29 4797
161 4686
125 4585
137 4560
118 4335
167 4204
84 3218
55 2586
149 1768
131 1134
188 928
90 770
107 338
132 49
64 37
117 22
madeupword0000 0
madeupword0001 0
madeupword0002 0
madeupword0003 0
