87 145813
18 140069
3 138853
30 137729
27 135342
53 131895
74 130252
80 129854
19 128822
64 128282
6 126347
63 125922
73 123447
44 119090
2 116260
1 112375
23 112097
81 111184
31 110197
91 107198
42 106544
16 106278
66 105600
50 105073
82 103926
92 103067
36 102965
11 102621
24 102170
85 100752
9 99823
15 97588
90 96896
52 95365
97 94727
95 94618
68 93735
45 93255
38 92240
62 91922
32 91434
61 90834
57 89782
47 88658
49 88505
75 88001
94 86994
58 84793
37 83065
76 82431
69 82329
70 80272
13 80040
29 78811
43 78744
83 77132
14 77011
28 76658
65 76526
35 76519
79 74856
86 74296
7 74246
25 73235
5 73222
10 72638
99 71805
17 71643
84 70984
59 69893
88 69043
89 68378
41 67884
77 67715
40 67249
33 66932
20 66794
71 66125
60 65409
46 64015
39 63822
93 62728
48 62028
51 61095
67 59738
34 55455
26 55056
98 52415
21 52369
96 51702
0 50634
55 47885
54 45989
22 43878
78 42750
72 41215
56 40000
4 20818
8 15732
12 491
