2 100666
57 90775
74 73490
53 73069
3 72338
19 67678
18 65726
64 64933
6 64469
30 64320
36 63480
27 63081
87 63017
31 62954
73 60242
23 59945
44 57803
52 57630
92 56721
15 56274
80 55542
91 54875
66 52115
37 49835
11 49184
42 48830
84 48608
16 48417
24 47634
95 46148
38 46069
61 45268
32 44863
28 44380
90 44022
50 43775
1 43646
9 43614
81 42381
94 42179
47 40871
29 40171
82 40158
97 39996
65 39882
59 39612
85 39006
69 38978
45 38747
70 38677
43 37828
7 37804
41 37645
62 36998
68 36731
25 34946
48 34791
60 34348
20 33827
75 33122
86 32859
35 32801
5 32371
51 32235
13 32065
77 31684
79 31460
46 30986
14 30873
33 30496
58 30298
40 29001
99 28660
17 28163
76 27035
89 26860
88 26172
96 25885
67 24466
78 24362
21 24279
49 24111
34 22021
98 21787
0 20814
26 20774
10 20273
54 19276
22 18561
93 17779
55 17182
71 15816
56 15276
83 15194
39 14336
72 8376
63 4349
4 1819
8 1266
12 233
