53 63486
79 62762
203 58662
413 48193
289 42567
414 40190
436 37060
390 34126
179 33221
325 32535
486 31822
33 31722
343 30953
50 30653
348 30527
14 30330
98 29940
439 29257
30 29054
398 28949
9 28165
200 27636
92 27555
391 27113
481 26924
311 26846
89 26764
7 26690
483 25454
350 25122
227 24424
402 24412
84 24273
249 24182
57 24169
238 24136
263 23613
163 23492
22 23457
387 23419
331 23410
279 23332
138 23076
298 23047
195 23035
128 22702
112 22609
10 22456
371 22443
367 22353
11 22093
384 22067
268 21974
146 21940
161 21914
182 21732
193 21603
178 21282
328 21129
109 20981
143 20964
357 20929
225 20864
103 20842
304 20823
256 20762
396 20721
127 20637
344 20609
291 20593
75 20590
315 20532
281 20390
431 20376
455 20267
441 20215
183 20197
252 20158
67 20115
389 20092
349 20037
494 20027
283 19949
32 19943
66 19901
41 19840
433 19819
339 19637
334 19620
70 19574
380 19518
320 19493
205 19454
295 19439
120 19391
20 19381
115 19337
458 19325
235 19260
451 19169
264 19146
363 19110
217 19096
392 19069
327 19062
306 19029
464 19020
364 19008
411 18971
29 18960
333 18932
277 18928
93 18925
400 18800
141 18794
461 18763
158 18655
299 18638
74 18531
173 18441
248 18413
241 18397
336 18334
245 18331
151 18328
274 18326
269 18302
337 18290
478 18273
2 18268
487 18141
198 18028
310 18020
97 17900
100 17891
168 17889
25 17868
490 17822
267 17783
381 17728
122 17708
452 17693
434 17551
88 17541
280 17538
475 17460
233 17407
133 17389
476 17389
222 17370
472 17346
139 17321
90 17288
292 17279
85 17257
81 17254
447 17253
495 17246
278 17229
272 17133
247 17127
126 17071
319 17062
216 17050
113 17033
449 17006
354 16991
276 16974
342 16912
42 16911
152 16894
358 16872
39 16833
46 16800
240 16787
150 16782
250 16768
78 16743
140 16739
157 16704
114 16700
297 16692
345 16676
440 16666
271 16658
303 16639
499 16590
83 16581
119 16521
242 16514
71 16456
270 16450
207 16445
123 16440
321 16365
63 16363
346 16333
1 16328
477 16309
424 16298
401 16287
5 16287
61 16261
359 16238
101 16221
185 16217
28 16204
497 16186
421 16142
213 16137
474 16107
58 16074
427 16072
232 15992
77 15970
258 15964
356 15945
459 15849
147 15813
130 15788
309 15781
388 15777
253 15725
180 15708
160 15683
296 15667
492 15645
162 15644
181 15643
21 15560
8 15525
360 15523
286 15483
261 15464
6 15453
186 15431
107 15424
236 15419
369 15387
405 15374
282 15311
294 15279
329 15254
212 15245
305 15140
188 15123
330 15097
318 15065
76 15056
260 15009
301 14988
201 14969
45 14956
19 14933
184 14922
3 14913
99 14908
324 14892
12 14871
438 14864
460 14810
275 14775
211 14749
131 14747
448 14729
129 14721
395 14713
171 14708
466 14682
335 14674
172 14605
454 14599
223 14553
429 14532
443 14518
194 14492
484 14404
17 14329
13 14326
44 14324
469 14317
362 14303
231 14278
326 14275
23 14257
118 14219
491 14211
4 14203
145 14173
419 14172
153 14105
351 14087
176 14084
16 14079
132 14040
259 13962
456 13906
55 13901
482 13878
189 13866
378 13861
446 13844
300 13842
393 13799
465 13776
135 13733
266 13732
407 13636
82 13629
73 13612
91 13592
196 13582
470 13557
208 13553
418 13451
219 13436
43 13411
246 13409
410 13379
121 13351
489 13311
155 13304
36 13301
229 13298
365 13259
111 13162
69 13098
332 13077
432 13064
27 13061
47 13033
175 13000
108 12954
0 12905
18 12899
228 12884
124 12882
468 12880
467 12836
96 12835
406 12834
142 12823
59 12779
404 12701
480 12690
426 12644
87 12621
370 12596
403 12585
373 12582
34 12574
284 12533
116 12532
239 12520
210 12507
412 12484
159 12480
104 12474
425 12406
385 12399
149 12397
169 12385
375 12374
221 12348
164 12322
156 12303
430 12277
288 12265
251 12128
170 12115
106 12096
144 12088
215 12079
206 12055
110 12054
493 12009
308 11997
437 11977
137 11932
60 11918
290 11912
187 11886
254 11875
265 11849
192 11743
420 11697
382 11685
214 11680
24 11656
273 11628
199 11583
166 11544
285 11507
462 11459
56 11448
353 11410
366 11390
52 11369
64 11352
62 11344
148 11343
154 11296
226 11260
31 11254
48 11241
202 11192
255 11161
35 11159
374 11123
165 11084
323 11042
361 10978
209 10964
340 10954
445 10944
287 10932
399 10924
322 10922
174 10792
191 10786
338 10769
224 10735
498 10605
86 10570
167 10569
423 10382
80 10335
496 10333
317 10259
473 10231
94 10213
220 10120
408 10101
394 9993
125 9966
190 9946
234 9946
453 9895
417 9869
314 9864
197 9834
368 9812
415 9787
488 9760
377 9712
95 9693
257 9555
450 9522
65 9504
38 9452
230 9306
379 9193
313 9112
428 9106
372 9065
26 8952
37 8891
68 8786
243 8759
51 8748
136 8686
49 8653
355 8565
435 8413
117 8384
376 8163
237 8150
312 8056
244 8037
416 7978
341 7935
352 7841
409 7819
471 7807
347 7794
383 7695
262 7612
102 7575
485 7428
479 7376
177 7349
40 7327
386 7173
134 7119
316 6816
15 6765
442 6748
307 6689
457 6661
397 6391
293 6358
72 6301
302 6134
54 6059
204 5724
444 5694
463 5679
105 5301
422 5253
218 4742
